id	Ann_long_1	Ann_long_2	Ann_long_3	Ann_long_4	Ann_long_5	Ann_long_6	Ann_long_7	Ann_long_8	Ann_long_9	Ann_long_10
130006D1	24.8019332889076	23.9970298715541	24.0281014544559	21.9811297549994	21.0752322317869	20.0642735349402	20.133496279578	19.6897993896288	18.9457071342504	18.5575919185304
130008D1	33.4070170297459	33.6878168043734	33.666262220323	33.182261545151	32.6949453116203	32.1727484452107	31.8107446614258	31.7793825824136	30.333489179438	28.9221685401517
130009D1	32.3479042972927	32.4872197131938	32.4994516805783	31.8490708707096	31.3208294660868	30.7398539897438	30.3331092619848	30.3208947843819	28.1607312017557	26.3137616666904
130010D1	26.6145631530059	26.20588361551	25.8549069857638	24.4481858430577	23.0834056092206	21.8338288661118	20.896706878005	20.4599284701097	18.5546243670349	18.5575919185304
130011D1	25.3494210842101	24.9838868004251	24.3934282219583	23.6240908863679	22.3045131244129	21.2953420419679	21.4404129558892	20.3330642154065	19.590253896665	18.6641759611746
130012D1	26.2579980564465	25.9735641473042	25.5930750494933	23.870769537301	22.6275377590488	21.1141666199392	20.3453676577898	20.4599284701097	18.4418821127328	18.5575919185304
130013D1	33.5525615509909	33.6904080521101	33.6621731078298	33.1434984720576	32.522205281338	31.9092731246428	31.5577514040234	31.5264632450415	29.3875174066978	27.5592373320824
110002T1	31.4809922777503	31.7518978463836	31.6889700323465	31.1619073112601	30.5096955733677	29.8139296089135	29.4566844617622	29.0587504249174	27.4356130170973	25.5313219302843
110003T1	33.3505082324341	33.4682458575488	33.4710700095473	32.9297974448492	32.4724023203569	31.8731028645674	31.5682696004803	31.6337980452115	29.6758828639178	28.0237507553719
110004T1	33.7635437561416	33.9393705333624	33.9215603071635	33.3560364925926	32.7091216758823	32.0476003786432	31.6396440818096	31.5400897249126	29.3684882915524	27.5931920012553
110005T1	32.0217637099564	32.1444840558412	31.9832018606165	31.4865270725978	30.8272320677119	30.3878069933921	30.2712575679361	29.6764826292358	28.6079087700599	27.1288252502528
110006T1	26.5425933666315	25.9408402539872	25.6473975529655	23.7237149527363	22.7789210799807	21.01514254652	20.0560293626496	20.3977745187778	18.9457071342504	18.8597890585616
110007T1	27.4373801232438	26.9589339871061	26.9356252699515	25.7832118110667	25.071302670802	23.7197199916486	23.0822968608945	23.214148629462	18.9457071342504	18.7647298925217
110008T1	28.0825851082164	27.442636530952	27.2997287203083	26.1448633100982	25.0044123360283	23.7197199916486	22.591023323959	22.3626273012168	19.0310093388442	19.1167232266891
110009T1	25.8799358009089	25.0885050455746	24.9199284004676	22.7634621569868	22.3684789341553	20.736529595804	19.7015390382337	19.6897993896288	19.0310093388442	19.2683922595344
1100011T1	33.2839224115921	33.4786903883835	33.3313073828135	32.817461354955	32.0735409888382	31.5787591451451	31.1995757857542	29.9469146181861	28.14514244778	25.9170338427396
130001D1	29.327638126964	29.0679268991106	28.7561542136226	27.6787400807839	26.6854408498949	25.7091150741105	25.5028286003685	24.889039884098	23.4191310417812	22.0651649287243
130002D1	29.3114883869707	29.0180066114189	28.9460657974405	27.9500166221419	27.1619260737285	26.312432093357	25.8432034823597	25.6535521376582	23.0824409291807	21.7022261493785
130005D1	27.2825077508706	26.690343258791	26.3587351364173	23.7618211106235	23.1415278138712	21.207350782737	20.5896303816745	21.0602006158792	20.5108731977037	19.8169404996282
120003B1	27.518408357286	27.1427608379359	26.5714532554558	25.6627850482725	24.4067684185741	23.5356270651865	22.9393615529241	22.10894742692	20.4076887740169	19.5956540157513
120007B1	28.7918796242437	28.2952179373746	27.9109389964949	26.8370805385893	25.8643641070936	24.6399662316373	23.9805144505288	23.8040320337491	21.663829056199	21.4653276484594
120008B1	27.0939598980811	26.5471373006964	26.0579551570732	25.1876754236364	24.1716857885766	23.1134027817284	22.1617496455489	22.1915021428843	19.8620654732262	19.4725156151593
120012B1	27.7047077760439	27.4395393350887	27.1251991534347	26.1208124404389	25.1716224680187	23.995601607236	23.2544167481415	23.084010351803	21.3451159879382	20.2253579182219
120017B1	25.9031121232749	25.6199623195886	25.1086697226898	24.3359122886169	23.1604265102824	22.4332703668123	21.6827730141209	21.2914923444438	19.704530652496	19.1167232266891
120018B1	27.8667336189279	27.5269026437017	27.1319097363103	26.1328850491303	24.8168797466046	23.9330476301239	23.5331758322497	22.6569681823095	21.0431001284823	20.4834999807474
120019B1	26.7549358093704	26.2470374804753	25.6295049599024	24.5751056327414	23.7344074105885	22.9429437254168	22.3369353774002	21.779677384178	19.9591143997994	19.8678169534185
120020B1	28.1176828088658	27.8287969766622	27.2260226035331	26.3283155016419	25.3816139697874	24.1136784487195	23.4636090355544	23.0146043668297	20.9194814273361	20.5824518359808
220022B1	29.2187037554109	28.6421933856703	28.2794195199947	27.1641414856516	26.0106407243199	24.7946004470574	24.0306416865133	23.818188651073	20.7283380591313	20.0114249211468
220024B1	26.1936634146944	25.8024501652645	25.3860201850665	24.4116670970243	23.6131415325439	22.6465158452862	21.7911149922862	21.2181369773374	19.911323874937	19.1167232266891
220025B1	26.1936634146944	25.630130150012	24.9199284004676	24.2832468239088	23.3208638124024	22.0861196757487	21.7105748305492	20.9303039937058	19.8620654732262	19.1167232266891
220026B1	26.773918912738	26.0903910775808	25.7670724155977	24.920647427008	23.9059532890674	22.6645386667886	22.141004919653	21.779677384178	19.7587730085467	19.4072647856902
220027B1	27.063425529933	26.4730850195764	26.0511518722198	25.2601952422575	24.0915165669263	23.1663390216654	22.5434284590832	21.9991802083956	20.2587741892832	19.6538842250658
220028B1	28.9766456212591	28.5861542910813	28.0451701683247	27.1331512911224	26.0831469835253	25.044944094627	24.0970174390638	23.8735565674281	21.530087007784	20.8468448791584
220029B1	26.7096456988595	26.2402550279931	25.8076276416203	24.8201962454606	23.70826954737	22.6465158452862	21.6544648336891	21.5546247553722	19.5299420230936	18.9498497133649
220030B1	26.8172649426636	26.1347301556921	25.682562831412	24.618772168646	23.8468485153924	22.6645386667886	21.4404129558892	21.5240615928513	19.6484015626812	19.4072647856902
220031B1	27.8309254922473	27.3923116779321	27.0063362770911	26.0757144128716	25.109024852816	23.791196013812	23.4093020346185	23.084010351803	21.0431001284823	20.264902871675
320038B1	31.5390144790068	31.2418181069235	30.818122633316	29.8315167934606	28.9194794735614	27.8417158558083	26.9777443354817	26.7305809428719	24.5952832218989	23.7917234360309
320039B1	31.9709160522015	31.5287488111065	31.1889840571139	30.150100573556	29.1986504387687	28.0691223624956	27.2175194148056	27.0586936160351	24.6860368924945	24.0394649712251
320040B1	32.2724618111297	31.957552195815	31.5155223258504	30.4745723852666	29.4710855969905	28.2790787719759	27.4029282980183	27.2483460538537	24.6026429898718	23.6170953550987
320041B1	32.8457200855709	32.5681356618144	32.1740312891308	31.2005686973435	30.2569361943851	29.2341473621216	28.3509896606203	28.1635702168879	26.0370415913681	25.2548708610497
320042B1	31.0191971518626	30.6993151383331	30.3137127509215	29.2335251500347	28.3644383873522	27.1732153681813	26.2548239202387	26.1816008525929	23.3874789841021	22.3903227183478
320043B1	33.1178762903978	32.8606216925918	32.4798626301738	31.5735614755379	30.6689293139121	29.7762857071536	29.0091975193905	28.844050552191	26.98166763896	26.3422128366233
320044B1	31.575988201809	31.1531115749836	30.7416878897367	29.6910898619181	28.7851738551408	27.6727986241683	26.7784632458079	26.6005838959328	24.2063505903491	23.3176023284472
320045B1	30.4311653508139	30.221068244335	29.851828553429	29.0686003335419	28.0571048329764	27.0551813287252	26.4497529342773	26.1723795904404	24.4321258083075	23.8994427185791
320046B1	30.677032817601	30.3958608897974	30.0188754635988	29.0650546747013	28.1659990280043	27.0990442441317	26.3136743892432	26.0638438254936	23.9460488070797	23.4412701167474
320047B1	31.4071753536644	31.3058014930194	30.8002696264905	29.8638231209973	28.7713260779747	27.8939860656267	27.2516710833897	26.3024124671687	24.2621279649681	23.497124417873
320048B1	31.9597336473423	31.6203900899362	31.2094697234593	30.2657006251155	29.2606694233992	28.1637953959338	27.4008386031723	27.1758936057122	25.0002067288894	24.4973938203852
320049B1	31.2445932919197	30.9294923456858	30.5185953412603	29.6024617136049	28.6320933604443	27.6373088611728	26.7909245356382	26.516508433906	24.2157862987514	23.3063712439016
320050B1	32.7543883253472	32.4655524728355	32.0569455812353	31.1042131832054	30.2314854449444	29.2605952161886	28.507168046777	28.4968773819257	26.4467506704781	25.7342868982461
320051B1	33.2328861311402	32.9553273251084	32.5062826853024	31.5068609282901	30.558230038485	29.5389328479484	28.6029420162173	28.5284972707533	26.2348048706582	25.5688012973448
320052B1	31.2234587096627	30.8751992642875	30.4238293213874	29.4372121978448	28.4796489003132	27.371397716074	26.5191074927369	26.3332833840379	24.0117344662913	23.0161283260047
320053B1	31.200549100974	30.7866715729505	30.3099975609143	29.3024463192425	28.2059180339524	27.0895206049616	26.2027497451721	25.9363895390851	23.7220063548397	22.8889432241473
420054B1	32.1974033434457	31.9102958199375	31.4950107985051	30.5743101681045	29.5866337681045	28.5507554185704	27.7922264293989	27.6163879678469	25.2110558984807	24.5234573818459
420055B1	31.518760076854	31.2239636753723	30.8254999066965	29.8440230340225	28.9401024179519	27.9185435650487	27.0942230172677	26.9838643071476	24.9283858605286	24.1873101333294
420056B1	31.5923444475068	31.25844871731	30.8735967939988	29.977860402382	29.0275386069629	27.9229107991922	27.1801859203021	27.0403225905982	24.8405415235894	24.2315595510111
420057B1	32.4545791184154	32.1975464435601	31.7680799642412	30.7941854241372	29.8452582770419	28.8071324688889	27.9318245188089	27.6881006247524	25.3938317163647	24.6500050514799
420058B1	29.2313489721827	28.8987417147515	28.4517422992274	27.5379726416063	26.493706970036	25.3144356803483	24.6966186610555	24.3989956726582	22.4912396459298	21.6216609838491
420059B1	30.5437459552052	30.2733599908682	30.0163703858544	29.100147419848	28.2279712095786	27.2285667829345	26.8527611580416	26.7656527549005	25.3864434272663	24.6783466722715
420060B1	30.6265793089774	30.3904802854306	29.9658997718811	29.0387994383644	28.1489946532688	27.078870333493	26.28381144077	26.1270192560732	24.0188651997651	23.0890469782645
420061B1	30.8356386458703	30.4624237158176	30.0515610896285	29.0786020441807	28.1257753158241	27.0278192340131	26.0401453614922	26.1254311578892	23.4654384724517	22.6679188887112
420062B1	31.7236470994859	31.306787974753	30.8928677696529	29.8511238980251	28.9253356756399	27.8638695203879	26.9083891952494	26.8345049809704	24.3159811879053	23.7155472042012
420063B1	32.6197642298829	32.3035857703044	31.9190816708116	30.991155609684	30.0604735981164	29.0288819765221	28.1214082117703	27.9935347383315	25.4770729404336	24.6642402058734
420064B1	31.6559758364265	31.5815511138292	31.184807091121	30.27109633062	29.348237657547	28.2978197381498	27.3663007996218	27.2180454837654	25.1012080872491	24.4330058057827
420065B1	31.5295047184199	31.5606069549827	31.1250906585606	30.1596879371004	29.280443684108	28.2785825436038	27.408487043963	27.1669994305791	25.2127123741327	24.8235112541964
420066B1	31.810481621806	31.7129025533897	31.348334560713	30.4018927702149	29.4190688687944	28.4212611758285	27.5124201049709	27.3256312748121	25.0209367203253	24.0604693109739
420067B1	31.878383484819	31.5589356721327	31.132324081504	30.1686399352015	29.2273853824062	28.1701914804411	27.3324313786451	27.1588692400634	24.9422295160314	24.5260399556826
420068B1	31.1979159111601	30.8461452957081	30.4261283847637	29.4255664365653	28.4215610740916	27.4618050595536	26.5890231504431	26.393238008347	24.1353560124024	23.2836639289993
420069B1	31.4802700876597	31.142441609514	30.7357659885087	29.8875271454494	28.9302736325849	27.9592437522372	27.1801859203021	26.9318903272552	24.7407502493872	24.0074188690997
520070B1	30.4201619031596	30.1064654847382	29.7453669135306	28.7618337781132	27.743216897632	26.6957213212656	25.8374645550518	25.5897627233487	23.2009112060209	22.2964407450068
520071B1	28.6031096360361	28.2916725156739	28.0080131434004	27.0025159594834	25.9987171506878	24.8796707068227	23.9483395903653	23.7162648575619	21.5646052308691	20.675582270154
520072B1	29.1367508955528	28.954946188119	28.5217289920086	27.6831195538496	26.7802935541758	25.784232181393	24.8956833323723	24.5378921864499	22.3529711847159	21.6381082318478
520073B1	31.8996053057176	31.6028214092102	31.2037431674405	30.274862052156	29.3027873025278	28.243449419683	27.380491207208	27.1661883299666	24.7362633481831	23.8994427185791
520074B1	32.2688420195021	32.0049520695646	31.5897530769316	30.6328384335351	29.6696184979018	28.5780408857735	27.7082814686052	27.5532437839991	25.1502205532532	24.5182793769689
520075B1	30.9101002890336	30.517551514444	30.1566120969397	29.1795834218485	28.2159165563068	27.1862404662973	26.369007935594	26.205925752066	24.1452292787776	23.2014842099233
520076B1	32.5081119643167	32.1953432170614	31.7590307457168	30.8323743025824	29.8395486288703	28.7886155849666	27.9283600674282	27.6921493790214	25.3275817587954	24.533762132249
520077B1	32.4400442663537	32.0834445936394	31.6951271887053	30.7477369598967	29.7633352449734	28.7523780334611	27.8728734130561	27.7019382123708	25.4742752671829	24.7335308492644
520078B1	31.6461360811978	31.3363318482236	30.9138428143182	29.9308393687599	28.9783691658211	27.9725784992481	27.2198720624293	27.0314972748254	25.1328922791467	24.3075848861371
520079B1	32.1978426983494	32.2708880731422	31.8322365327553	30.9866036905186	30.1148981445465	29.1230648888955	28.2681450066833	28.075483656674	26.20879170886	25.5136098850066
520080B1	32.5375688637023	32.5601257296913	32.0879075853465	31.0815292833923	30.1132326100924	29.0109619173504	28.0534674033555	27.8402219838476	25.1311488217249	24.0217428554811
520081B1	31.1069621782166	31.1325258149304	30.7864388131284	29.8343843743192	28.9709659388271	27.9266444623428	27.1937938532958	27.0525941281951	25.2060758951031	24.6380424126548
520082B1	31.4893912246972	31.113618518034	30.7519187496189	29.7183705922547	28.7648542882871	27.6837260503204	26.7415332251721	26.6352641689967	24.0117344662913	23.2721853028233
520083B1	32.5541352182053	32.1353388757571	31.6836247255685	30.6351761728571	29.6145061627848	28.4562049586998	27.5124201049709	27.2567862380613	24.3159811879053	23.3231877389334
520084B1	31.3145977904084	30.8580978817085	30.4725083050882	29.4469267039765	28.5500309840982	27.4492052545791	26.5399296634858	26.527577335103	24.1873063598548	23.3453318126378
520085B1	30.564790873125	30.286398369377	29.8975140874013	28.9283881504986	28.01390024112	26.8748337399717	26.05186797557	25.8208832924391	23.4654384724517	22.7744321922363
620087B1	31.542478057113	31.3505328980956	30.9107845379162	29.9937568287393	29.0401119826954	27.9780010266754	27.0388436422835	26.7989195678043	24.2922754542078	23.7667420028443
620088B1	30.4529236318824	30.2449695316199	29.9560187332301	28.9817795305667	27.9627566147688	27.0508354283711	26.1566744743219	26.0671470603104	23.7133787157866	23.1525079785779
620121B1	32.8061177351261	32.6997323647472	32.3257741048609	31.3594363849914	30.5040457414433	29.4808868927848	28.5345214702341	28.4085302669044	26.1814478483223	25.5950314406174
620122B1	32.4767140518772	32.1658464215854	31.7198360842112	30.7304732071124	29.7848714418441	28.8198246337759	27.8856600787255	27.6302774325137	25.4417362321643	24.6187093684457
620123B1	32.3815554473331	32.1123789711774	31.6976162414781	30.7536451670989	29.7869314342404	28.7516446499242	27.8248859610535	27.5993091290318	25.2980807151708	24.4868452797764
620124B1	30.5975706019691	30.3328091839995	29.995163037634	29.0071792003654	28.0468136848192	27.0278192340131	26.1875434092393	26.134935407969	23.5684331021707	22.9608749286049
620125B1	31.0254812529897	30.7758904802052	30.3814456157086	29.4095848209349	28.4609330874025	27.233414938396	26.4171691633557	26.1365137937108	23.5396923147621	22.488429535651
620126B1	32.4150694782922	32.1481837015701	31.6824529284	30.6820213853448	29.6336648658199	28.60203593168	27.7449769623159	27.5462776998682	25.4770729404336	24.465531855914
620127B1	32.329310041673	32.0601367753743	31.668320405899	30.7115991978029	29.7622897293724	28.7446603023631	27.8902375036675	27.7042325006772	25.4812600674025	24.7084801085911
620128B1	33.4597479362722	33.1770497587701	32.6927848708079	31.6676540035265	30.6002790086631	29.5309304858803	28.5699284219943	28.3236956900169	25.5824449904676	24.5000198522412
620129B1	30.9995070457602	30.6082169112876	30.1891798138902	29.2255539442031	28.1958543396716	27.2372826731464	26.2664842412721	26.0031480195111	23.813892256544	23.3231877389334
620130B1	29.0420518791404	28.8637547538191	28.2762701190446	27.2515900584829	26.2160847527526	25.3948546942915	24.5972946242354	23.8530246694321	21.530087007784	20.7347562189461
620089B1	32.4088841457794	32.1923085822676	31.7075318709105	30.7795673017078	29.7244396920596	28.7305973439236	27.8963197242077	27.5290450590716	25.4417362321643	24.70157770878
620090B1	30.9706589713228	30.7337835281112	30.3004617023127	29.3562179830229	28.4146917287493	27.4850565574931	26.7102511609013	26.2563812661623	24.3479997594033	23.5021044224323
620091B1	30.7367078336409	30.4074542496769	30.0188754635988	29.0406039282701	28.050779940593	27.0355289872413	26.2606650755605	25.9506851121005	23.7975827931207	23.1083573150534
620092B1	31.0982024286235	30.7533890821738	30.2731843551076	29.3210813416024	28.3357233150923	27.3562560318492	26.564072541875	26.3388307485265	24.3765484601359	23.3779702973512
310001T1	31.2615050226366	30.594130142837	30.1261323381565	28.0484408223366	27.4051753715384	25.8084906452935	25.2045290553825	25.4512618997732	23.6605875474262	23.2606217227396
310002T1	31.4744795152933	30.7994405045032	30.2445455159134	28.1376760954261	27.3894499515992	25.8535705621006	25.2528310029329	25.3706178781771	23.5005298498142	23.2254084617737
310003T1	32.847961238226	32.5900020376803	32.4224164851375	31.5530495901726	31.0383871677235	30.1955467289171	29.4822749392078	29.5077647603386	25.6872680566616	23.8365098197988
310004T1	28.9490729704336	28.1659537982742	27.7856184106419	26.0378028110252	25.5017619579869	24.4397678556179	24.1320568354242	24.4086530212343	23.13967886485	22.8057977109324
310005T1	35.09899651604	35.0251302436767	34.8741430856369	34.0616801505088	33.5384695949019	32.8104481237673	32.2450077107009	32.2671794114676	29.349340907365	27.2463756778415
310006T1	29.8282793850503	29.1560861873727	28.8562293401655	26.7295939837648	25.9345617266155	24.5883332969847	24.3523440437661	24.1241193788048	22.8222761208113	22.488429535651
310007T1	29.6176313192196	29.1255487904379	28.5963139015665	26.5079111199781	25.9867007963383	24.6601517891837	23.7838402678622	24.1066697526213	22.4137302095778	22.1142327126776
310008T1	29.2506761451492	28.4323017079689	28.039654218517	26.0249543253862	25.4169061891847	24.1278311782024	23.9995030049529	24.1809052994993	22.7598449542384	22.36994121735
310009T1	30.6438806111044	29.9006152931593	29.5230955505377	27.6145522075468	27.0554937349018	25.6701594163429	25.3867301397015	25.6164777472278	24.1647904654525	23.918600149593
310010T1	32.4669047050699	31.9152698896164	31.4266163650178	29.8472224952542	28.9383200138484	27.6380565038726	26.709161095151	26.8091705555675	24.8962743625967	24.6969590877844
310011T1	31.0719190659526	30.6778823841502	30.2967139249149	28.3685954029806	27.8048176990407	26.3840280130086	25.9122855391086	26.0405217561161	24.5325636624321	24.0110122059486
310012T1	29.7067672982222	29.0604347800793	28.8807804997761	27.2477215243105	26.6777490475992	25.6936489999701	25.1929411849836	25.3988154242003	23.9937638608114	23.6078296120922
310013T1	31.1935165530827	30.5779270372293	30.099307633828	28.3479526753127	27.5465339677759	26.2913595376552	25.6844822470263	25.7955317503302	24.2126473943632	23.8365098197988
310014T1	30.3203931073478	29.6297351258801	29.1857847347224	27.1100201327159	26.4762343671332	25.1326277140317	24.9132048408569	24.917027625618	23.7727947575954	23.2489719233379
310015T1	29.4487458220137	28.7312520237461	28.3945018737903	26.8141232152737	26.1872219913269	25.2675276935967	24.789946546172	25.0274121293459	23.7934786770181	23.3287532522357
310016T1	29.3168917455001	28.636539487284	28.3167117189887	26.5389779126636	25.9283103572203	24.6348789066058	24.2217911870164	24.2570640626619	22.7991554560019	22.2747908544124
320001D1	29.959819997487	29.3328982949635	28.8323684402337	27.218392000722	26.4652127320941	25.1510562787144	24.8418951187143	24.8167748992325	23.4855870895693	23.1019470102566
320002D1	29.6410832300309	28.9329452249469	28.5310882183496	26.8991035307276	26.0746238552543	24.8354737285934	24.4773558930122	24.5020535218696	23.0430838687989	22.5896859068898
320003D1	29.6810190348941	28.9491871138189	28.5310882183496	26.8115510439344	26.0017066861937	24.7478976449959	24.5670813676942	24.4699998837463	22.8222761208113	22.9108723676025
320004D1	29.3351132475262	28.4738179147511	28.061598865444	26.4306762646311	25.6660912309654	24.604002783637	23.8682750413429	24.0348374718624	22.4432477927425	22.3903227183478
320005D1	30.004036177566	29.3048146143095	28.7247994221921	27.2065012021173	26.1872219913269	24.9520547430778	24.3372472001262	24.1527724333302	22.3937380374068	21.9621644952311
320006D1	29.9549764124644	29.3745156291831	28.9018115135151	27.3416207862494	26.2697318745559	24.8083438112685	24.3771825424881	23.8938200427531	21.51253926628	21.3517344649725
320007D1	29.4565999144482	28.7822968680898	28.2981800413676	26.7377196299321	25.605533142302	24.2432287591939	23.5833728649743	23.4366520419751	21.9554806860791	21.3905181810561
320008D1	29.3802011370547	28.6632110542682	28.1718790152716	26.6458763217242	25.6208967328231	24.0557526505082	23.5668207598783	23.1826232224018	21.7111845538661	21.025672962998
720095B1	32.1586579954214	31.8501721467167	31.414678813746	30.4900582579526	29.5051235022016	28.4690003527949	27.5317533042646	27.4041192890903	25.0487683162412	24.2095916400221
720096B1	32.3238189009298	32.0376905401868	31.5682413747631	30.6315617982563	29.6768203765858	28.6200929465894	27.7162590633445	27.5695855413235	25.0940789329855	24.3164639982602
720097B1	32.3383714729105	32.1619076855153	31.7276588018207	30.8196246121716	29.8215372011617	28.8651597417388	28.0089656980832	27.6121358878235	25.4288165382334	24.6235651310612
720098B1	31.5236751685417	31.2449020330171	30.8029609891481	29.8322341918946	28.8511942033456	27.8703260365423	27.0388436422835	26.7423600347395	24.4321258083075	23.5749596319601
720099B1	30.1821630765165	29.8107429156899	29.327131228284	28.4396209003195	27.3147206447198	26.3176561796869	25.5748935631911	24.7679276703763	22.7598449542384	21.3517344649725
720100B1	31.3434767204608	30.985576921495	30.4780687381786	29.494596420794	28.4432169415909	27.311773937595	26.5166392819249	26.1692935931251	23.3874789841021	22.6508687743553
720101B1	31.0251511923521	30.6845661685896	30.2685193423754	29.2722541245078	28.2343151844914	27.2545701025141	26.3164886192345	26.0522266964774	23.704703157868	22.85921754595
720102B1	30.8528516556316	30.4486495097113	30.0052987045692	29.0212456072439	27.9926587943017	26.9333840020837	26.0350940420734	25.6981574844425	23.480574241876	22.0898909025742
720103B1	32.5179979093861	32.278736963013	31.853632366873	30.8904493032875	29.9361905787792	28.875698333187	27.9990577529525	27.7632728118295	25.4602111600859	24.6689565448943
720104B1	32.2498995347191	31.9906810966301	31.5557328016749	30.6527014354122	29.6621038949819	28.6749731756727	27.787348848534	27.5906985374365	25.3027760143178	24.5516333155727
720105B1	31.0934877347514	30.7124685350402	30.2912840938304	29.2686322024426	28.2848308160235	27.2507449282288	26.3484892779128	26.1365137937108	23.6828010860992	22.9108723676025
720106B1	31.7944964511412	31.4824294739658	31.0403548734256	29.9824190898528	28.9926395814613	27.9537556935471	27.0624492306118	26.7111106588585	24.4293934350653	23.4464311191945
720107B1	30.9849854140817	30.5996237780893	30.1634548527798	29.2244879770837	28.2628901540982	27.2109879454813	26.2924027445266	26.144381679599	23.8499775223698	23.114741433836
720108B1	30.0841703133434	29.7935773822643	29.3699340693518	28.3769606603427	27.4015606177922	26.4316179386176	25.5357906303859	25.4364575397593	22.9472044703427	22.400414804594
820109B1	31.576213517293	31.2200545060018	30.9470836825493	29.9683740456657	29.0288005623459	27.940874842421	27.7332164977609	27.7309387617324	26.5880383252033	26.1997684936301
820110B1	30.1474048792866	29.6422486249708	29.3080689269472	28.3019249399999	27.3031926288528	26.1853050393805	25.8103975377618	25.7536817952487	24.4321258083075	23.9032930564633
820111B1	29.873716489719	29.2919604193709	29.0270433790363	27.9731118204187	26.909982818994	25.7620732655163	25.4396840087646	25.4683566726382	24.310088414566	23.4618125971807
820112B1	29.9577461662134	29.3427406462727	29.1320019374395	28.0723726588886	27.0957190263068	25.994382382116	25.5884618077429	25.6770769945261	24.4018033991729	23.9710231379104
820113B1	29.959819997487	29.3970599980197	29.0799645881434	28.0182835768766	27.1605165679914	26.0007817155693	25.5996784163262	25.5302490483707	24.1452292787776	23.8839457045179
820114B1	29.6193816318891	29.0657900407816	28.7480871254206	27.6221555310162	26.7326655068059	25.608477678004	25.2217496303792	25.2327262990728	23.7686248999685	23.3287532522357
820115B1	31.142392088105	30.7562199510754	30.5297230961596	29.4793222573475	28.6375205205684	27.5638183692415	27.2354655226891	27.3064833739149	26.0926542046569	25.8210390651658
820116B1	30.2644443004768	29.7040272980024	29.4801742967354	28.498107379389	27.5344060700017	26.4348472497218	26.2981038664775	26.3526128311342	25.2807427258918	24.7380426342019
820117B1	33.6503422312217	33.3443583704167	32.8914102936189	31.740588940022	30.6904342760101	29.4834159802246	28.4065197712135	28.1631441505419	26.1445312394368	25.659987631965
820118B1	30.6900000102244	30.7011487863022	30.5692607303913	29.6544803023026	28.8810943037073	27.8018389912605	27.28883607941	27.427595681985	26.0737005397801	25.6002249523747
820119B1	30.307965320407	29.8393599177021	29.6080893775063	28.5781999975899	27.6709716576541	26.5287511530797	26.3471116343153	26.3108930293239	25.2823268912842	24.9757761273389
820120B1	28.6805999513644	28.1640255664769	27.7592642702258	26.5874109991166	25.662375128651	24.6601517891837	24.0732090074756	24.1008092730468	22.7357755605319	22.252837413181
930001D1	35.7199491768378	35.8354341848705	35.7350993470476	35.0590729840233	34.7485125506655	34.2407289606268	33.781190594626	33.9673646348847	32.7115657345168	31.556123670302
930002D1	36.0970988038348	36.2485708477847	36.1593085308055	35.5372935251729	35.1748941020218	34.6759551242393	34.2398055356018	34.3978753400518	33.4902143882387	32.601157049863
930003D1	34.1227241968447	34.0112527829104	33.7346214431307	32.8685890176002	31.9318297991336	31.0259247924774	30.2928665094921	30.013324952752	26.5839188296354	25.6562406472748
930004D1	34.0869204716923	33.9762284037123	33.7032416058099	32.8221572925101	31.8813039174016	30.9368025890956	30.1284152903593	29.9148105154474	26.3627028942346	25.3520603996459
930005D1	31.8540600597827	31.2541166281932	31.1041619015156	30.4926240902487	29.8698402470354	29.4303778184826	29.4909521695968	29.1611426381616	28.4482511652704	27.4613687146194
930006D1	33.690806602901	33.6292369453291	33.294434858847	32.5504735728781	31.6371898636587	30.8935759011418	30.4726509548357	30.288735099141	28.3802081300046	27.1472009597924
930007D1	34.9048062768763	34.789092435406	34.4652076030964	33.8586956059458	33.1889473061482	32.8088593405635	32.6318963223765	32.0046223813692	30.7322525879927	29.2179866916012
930008D1	30.5242591846776	30.0972413473065	29.8167825555027	29.1168250977889	28.2001753862084	27.4718123373733	27.0925221130781	26.8112126341687	25.3864434272663	24.8085114429053
930009D1	33.7289514579236	33.720505040554	33.3852089778733	32.6568353867389	31.7648173100704	31.039999804957	30.5399320286182	30.0602017842653	28.4069281911942	27.5199912568228
930010D1	32.7288754566045	32.6296061957685	32.111195531869	31.1920283646534	30.0067406543676	29.272207781509	28.75732460383	27.4453110595941	25.1276560525057	23.967336458675
310167T3	28.8210725327356	28.4192971130008	28.154899930496	27.4437914944329	26.7784886152111	26.0796525816347	25.61524619174	25.2128043553696	24.1485065423317	23.4719834090642
310168T3	29.7844881544482	29.5578544728759	29.2326972646293	28.4599509461465	27.6433705580727	26.9085588784224	26.6783228931271	26.1014121452365	24.6221010560862	23.6670969939862
310169T3	30.2172597606543	29.983734764127	29.8213503085268	29.0644629331611	28.4524058423741	27.9482483119495	27.5169528637891	27.2930870371593	26.160846203659	25.2483876739798
310144T3	27.1483144275195	26.127429095871	25.83145119178	24.1576890660758	23.3038375068491	21.9509790488706	21.2301326551566	20.8372983798899	19.3343163235484	18.8597890585616
310170T3	24.589780052076	23.8419042937292	23.7138419462265	23.1999811933127	22.9386407205877	21.6399283577804	21.7105748305492	21.0180895101407	19.1895931419276	18.0630442891108
310304T3	31.3304458379525	30.5025990650244	30.032828070837	29.0394011711221	28.1608435802345	27.4296862600391	27.0993145277854	26.4406218213883	25.2308184894755	24.3744012313051
310282T3	31.677767948848	31.6315926990243	31.431760314373	30.4830386187764	29.8205303784874	28.8800966977983	28.12795378319	27.7156532204611	24.1873063598548	23.2194616519102
310222T3	29.5179392644381	28.9663996038632	28.4754312411202	27.6342429265852	26.4740363246156	25.4502997446769	24.7937155925621	24.028698409636	22.5006639431311	21.7022261493785
930011D1	31.2451602218969	30.8039016650581	30.3539912083397	28.0322760840634	27.352537357469	25.7116779553481	25.1062266961181	25.3339712484422	24.3041733146491	24.0534992188401
930012D1	32.6424288018057	32.1042095753382	31.6007492440201	29.2887033317988	28.4215610740916	26.6130241097548	25.873456384275	25.9560121107126	24.8696883462101	24.6876806306661
930013D1	33.0104282054338	32.4452124188567	31.9208004161226	29.6395066968867	28.7573529723482	26.9392371289281	25.9678791287799	26.1428112972827	24.8000938311464	24.5917291780719
930014D1	34.2195874890011	33.9044845652893	33.541686791595	32.2835311971442	31.2323015438761	30.0012427560969	28.8731366561196	28.5696769603895	25.1083048210419	24.8882585315572
930015D1	33.8431244053606	33.5903721522606	33.3206355364413	32.2224293475647	31.3235901085281	30.2316987623647	29.148032635066	28.9372601157431	24.7385084111148	24.3016372907686
930016D1	34.1239191829192	33.9866710262296	33.5954422864015	32.5839980605091	31.5234964044554	30.5535625976994	29.6391828550809	28.7695455235787	24.5952832218989	23.7370827084685
930017D1	33.6464848271767	33.1541244547821	32.6578529692082	31.0236351569617	29.8536601356834	28.356041700339	27.1785770816801	26.9214729043828	24.8447388297961	24.6015942132533
930018D1	33.2710358621768	32.8040493756584	32.3288412390467	30.8900897133484	29.7615051277738	28.3901471165758	27.1270219229517	26.7219576951812	23.9197391602794	23.7198781304067
930019D1	32.456416322638	32.1337615189868	31.6620534127039	30.1541752678064	29.0645448533532	27.617743653673	26.5960785410203	26.1723795904404	24.1550405050119	23.7155472042012
930020D1	27.4995246447396	26.867045994319	26.6923874413283	25.5141842894785	24.6965363852477	23.4511391408566	22.7398787697412	22.7154372128312	18.8558831510985	18.6641759611746
930025D1	23.3578333240263	23.2026628358581	23.5812865754783	22.4876797973624	22.6538188251466	21.4578465378453	20.9424950316626	21.5845999466563	20.0944787008218	20.0114249211468
101001T1	30.1933696765195	29.7721822765124	29.5546788659258	28.6519915411348	27.7851833740167	26.8589250169221	26.5664662182394	26.3165210434982	24.9753472627842	23.959936879201
101002T1	32.3054532740059	32.0173887866039	31.6656135267864	30.704105836651	29.7897594432892	28.7324549729138	27.8963197242077	27.7382449893336	25.7785932111034	25.2597156310834
101003T1	33.3146990712565	33.0632756916831	32.6395014805434	31.7193846454303	30.788580423549	29.810019300471	28.867210266666	28.7183022064525	26.2009024199353	25.5488351169325
101004T1	32.334513997241	32.0167693498182	31.6949611067648	30.5977727984514	29.6842638619503	28.508913463263	27.5621920456768	27.4614857355709	25.450290311572	24.5818013818357
101005T1	32.0275424229276	31.8022708780849	31.4885556249469	30.5180488589272	29.6478090716041	28.6383382656489	27.6677638849837	27.5206789522208	25.2077376627157	24.5541697164733
101006T1	29.4712120755622	28.9686800174779	28.8136703226127	27.8964265365088	27.1829156983217	26.2189943761566	25.8602935294372	25.7797219764781	24.4211675026895	23.820372104502
101007T1	28.992939761984	28.5019128737636	28.2085781956041	27.5234813551766	26.7252059476019	25.839474617603	25.5123182533877	25.5043650373662	24.3793748250203	23.6715642022287
101008T1	29.3625437419122	28.8291964131577	28.6795445382251	27.7304854146382	26.9182534452771	25.8928329322425	25.4593892325122	25.5185371898443	24.1120726625569	23.0890469782645
101009T1	30.8584204802541	30.4538294038005	30.197658901334	29.3100283910243	28.4832452566622	27.5305476991889	27.1632090067093	27.2282117039569	25.5614026524721	24.8821087908831
101010T1	30.9101002890336	30.45770282933	30.2462705352087	29.4005807856819	28.6477798605477	27.6916912565764	27.3861310898794	27.3329332541609	26.1104493751308	25.4305961404132
101011T1	31.6260352858023	31.4333004403844	31.2719549561486	30.3797254575876	29.558845625881	28.4825634212735	27.5771895269017	27.4138291877316	25.1741613556081	24.3046139214864
101012T1	31.3445352879051	31.1358382371284	30.9581841317268	30.1084469642754	29.2914785755253	28.2007424618411	27.2752872543081	27.2006875684213	25.0228076817898	24.0743168206377
101013T1	32.0807599664235	31.8152274915545	31.4724889579162	30.4615468643012	29.5573534303165	28.453100669685	27.395951632823	27.2773100576526	24.6001935875673	23.6626169703187
101014T1	31.4552530316472	31.1214322396751	30.6657878437993	29.6764714256446	28.7563500375411	27.6245439547133	26.7211097443582	26.6669462794133	24.3130375815246	23.3342990094591
101015T1	30.6584253247749	30.3683106341026	30.2410895899857	29.3473860466738	28.5941168073351	27.5369397674683	26.6042693321189	26.6409694417689	24.6341403118765	23.9109653623063
101016T1	29.3038895241914	28.7680714694547	28.5988655705684	27.6787400807839	26.8832151247317	26.0654193231648	25.5612051815505	25.6664281571002	24.2031926395434	23.5938271012029
101017T1	31.9931929033868	31.8045862780633	31.5222363888419	30.6210959417296	29.7033963030643	28.7666107094868	27.9539124587587	27.560178666075	25.7389252883085	25.0007212726281
101018T1	32.2272657689143	31.9536829792827	31.7433453130943	30.713819906096	29.8664222433528	28.7483401620419	27.945115126904	27.8913390877419	25.9579560835825	25.261327216684
101019T1	33.170831444989	32.8763194661529	32.4402151879005	31.4522751977883	30.4874615990437	29.4549006774683	28.5017071668149	28.3533730688538	26.0535482137885	25.4320405952619
101020T1	33.0543561292872	32.7897361645598	32.3924904846285	31.4095724396203	30.4587532436433	29.4234705981522	28.4424614833958	28.3140620468244	25.9753162621709	25.2932141680075
