Ann_long_1	Ann_long_2	Ann_long_3	Ann_long_4	Ann_long_5	Ann_long_6	Ann_long_7	Ann_long_8	Ann_long_9	Ann_long_10
130006D1	24.6458140869903	23.8433915270182	23.8382400256128	22.1385686087496	20.0950455890593	19.4867795651825	19.8726403907777	19.3462565588552	19.0868312148081	18.7375186527946
130008D1	33.4492687103499	33.7142285678887	33.6983676007234	33.2168999791096	32.7488901772249	32.2393559266337	31.88776474268	31.8573605270977	30.4576929843435	29.0869284890415
130009D1	32.6092331620272	32.7625867673503	32.7809829604511	32.1387097158672	31.6377906554123	31.073165636371	30.6855927110842	30.6791904939336	28.5975439351086	26.8651045617144
130010D1	27.286919665749	27.0430027467295	26.8469986005479	25.7570594139314	25.010192191215	23.9064654340656	23.6533355878708	23.7068301901421	22.1738578057105	21.2141885382637
130011D1	25.9594745658941	25.6999681767383	25.4363223717543	25.0274059440034	24.4409848690134	24.0746646902805	24.3252588726812	24.0084989920959	23.9990498701729	23.7013039041744
130012D1	26.7096456988595	26.4614650947698	26.0852159667712	24.9342427324465	23.7829578491228	22.781236037016	22.4895241355935	22.4891004115676	20.4953582842056	20.1146144732714
130013D1	33.5982641453493	33.7219549361375	33.6964533006459	33.186246799426	32.5848855879811	31.9881422740839	31.6487945681187	31.6189122862153	29.5494708451507	27.7757132262557
110001T1	33.2449122174443	33.4921167394494	33.4594001606212	32.8787622326967	32.3471898910681	31.7724471029564	31.4010718853885	31.1090879972661	29.7552662205787	28.1160851374666
110002T1	31.7210003254537	32.008472054962	31.9476431915721	31.4284443137934	30.8143542116195	30.1468043807882	29.8176341501372	29.4342876873038	27.8436679812003	26.0078563542831
110003T1	33.6062849773633	33.7208109540747	33.7129053368728	33.1889663823247	32.7436709656307	32.1661998253813	31.8727641721644	31.9338142559372	30.0484795087483	28.4551631628002
110004T1	33.7840736954936	33.9512970829236	33.9327894789353	33.3749521442255	32.7521987074376	32.1081909333705	31.7056120047241	31.6067527880019	29.5093900521124	27.7877005465115
110005T1	32.3534361607115	32.5096217536335	32.3335404556291	31.8494090356404	31.220741645359	30.8133344913827	30.7008824767092	30.1128535175604	29.0990964482415	27.6677660134209
110006T1	26.9567081316027	26.3024621940505	26.1066790997667	24.3550870938228	23.3104621311954	21.9061075033478	21.1498321555373	21.2421457375656	19.8854408409519	19.2811814772843
110007T1	27.6780828904626	27.329517177982	27.2197375206716	26.1550221326966	25.5615226385279	24.241222207512	23.6533355878708	23.7755574389277	20.0054354041296	19.0855317429797
110008T1	28.2636051176858	27.7157990814538	27.5770445479093	26.4658468856643	25.4980708251555	24.2031862422138	23.1369184349552	22.8551454390523	20.0054354041296	19.6840556036975
110009T1	26.9174105063275	26.2161599772032	26.0487423358313	24.7285534465309	24.1533450572592	23.1453862925169	23.0578731614099	22.058076208397	20.8984120430228	20.2183260683782
110010T1	27.8279009732341	27.3882690577627	27.122407045537	25.8538958631598	24.6255373966393	23.278245823082	22.4084769866217	22.4692398077566	19.5369063720841	19.1864035143461
1100011T1	33.4241415811834	33.6175221843116	33.4699796599823	32.9615060699093	32.2401589288623	31.7622310621503	31.3961570692384	30.1760594789318	28.4331633143463	26.2691771533536
130001D1	29.6193816318891	29.4137091929524	29.1157328064391	28.0740276915852	27.2124119088115	26.3234814596157	26.086079044075	25.5870831088798	24.1039478253201	22.7718461105346
130002D1	29.4428270648264	29.2416864597301	29.1766705273285	28.1905391950659	27.4887850779599	26.6709371962325	26.1874340172935	26.0217359888948	23.5557639101995	22.1567667314894
130003D1	29.0289423383144	28.5381454501637	28.0552675370592	26.4933238574529	25.3726186536877	24.0996032053888	23.4899566106928	23.6068949735273	22.0430882691487	21.8288037642632
130004D1	29.5188772976577	29.2485674902499	29.0183754110579	27.9809308721383	27.181005131385	26.3612744162145	26.1058336998013	26.1203564150932	24.7354535402918	23.6391947515287
130005D1	27.7243588636252	27.1853491786073	26.9063041367779	25.0631111942275	24.4031110967166	23.1453862925169	23.0027726417396	22.8395906481075	21.778548055427	20.8633084935254
120012B1	27.9385958362181	27.75080557527	27.4238211889634	26.4236650867423	25.6561186436517	24.5709398955431	23.7840967914036	23.7671361813094	22.087941234462	21.1059671187624
120017B1	26.1064942518249	26.0520457299979	25.6536012303238	25.0542641437145	24.0233559460998	23.4263194100141	23.0305749186348	22.5280532468984	21.0220683685015	20.2183260683782
220026B1	27.0374770778953	26.6052200705526	26.1828332126485	25.3871593030117	24.3543868808914	23.1142203162325	22.7093890785621	22.1348690626095	20.4091131087155	19.9445967572682
220028B1	29.1046210270983	28.7964598897056	28.2678830400997	27.4243786011362	26.4178213224338	25.3889304950348	24.485419376144	24.2657599345242	22.0278379596639	21.2141885382637
220029B1	27.063425529933	26.6446790488121	26.2933651413772	25.3871593030117	24.3344464303609	23.1142203162325	22.4895241355935	22.0841107620402	20.364096513091	19.2811814772843
220031B1	28.1077417184317	27.8386767163788	27.3608927689353	26.5533682171022	25.6561186436517	24.438268756574	23.9648336496927	23.6531439783643	21.778548055427	20.7960880061002
320038B1	31.6623571002363	31.3951813125367	30.9847525718747	30.0232599785837	29.1483154633999	28.1002973630025	27.2904018229528	27.0174989360688	24.9988989272376	24.2591721758112
320039B1	32.1093773831154	31.7052704866282	31.3577523971578	30.3516683749078	29.4402006854885	28.3711670389883	27.562180162496	27.3654010542229	25.1350810473404	24.4532101581375
320040B1	32.3744472875404	32.0737162464125	31.6408329836276	30.6270650788524	29.679653709662	28.51420506905	27.6643195416223	27.5340625249599	24.9484101269023	23.9827909735573
320041B1	32.9700160686335	32.6875101987611	32.3141779912723	31.3602671287836	30.4555814743896	29.4633501338435	28.6168156143842	28.4177388848119	26.3855067214428	25.6235530164376
320042B1	31.1433048011516	30.8682203580119	30.5028062918318	29.4421123260405	28.6013189201761	27.4626651387379	26.5936933351669	26.5105487087669	23.8266848839935	22.8179563756052
320043B1	33.2330290394428	32.9828982118375	32.6035748111283	31.7186598012379	30.8546490521049	29.9971029557458	29.2380015341692	29.0766383045033	27.3036573785307	26.656881878504
320044B1	31.7120058107654	31.3186967291739	30.9258163630292	29.9125896077247	29.0595963712965	27.9840473230394	27.0919999512164	26.9760380156435	24.6990513867225	23.8230553031342
320045B1	30.5423627383774	30.3959651953226	30.0323927719668	29.2750873942453	28.3275589025558	27.3431397674932	26.7676869830259	26.4885669704311	24.8203788121556	24.262676873836
320049B1	31.3790392869299	31.0944854215155	30.6909800315961	29.799144199244	28.8745427999607	27.9337463675398	27.0966234729258	26.8311564592403	24.6372807780791	23.7462698578054
320050B1	32.8695400167226	32.5908278183066	32.1951460328879	31.2603804578168	30.4305623223415	29.4867491898736	28.7724497673389	28.7330839257945	26.7729804491994	26.0460642936975
320051B1	33.3512325430586	33.0744404589341	32.6406454561525	31.6682314032815	30.7497725147806	29.7643181509793	28.8523931410776	28.7820776452988	26.5668939559059	25.8930567467077
320053B1	31.3191820588816	30.9404203063137	30.4859972300502	29.4863443736854	28.4421966766476	27.3654938317467	26.5250762159987	26.2667857451435	24.1537931740583	23.3489158622652
420057B1	32.5795328397318	32.3359589511937	31.9150408976811	30.9561067944503	30.0529894662184	29.0554202073697	28.1984152501991	27.9704499592579	25.7586631202247	24.9949534898558
420058B1	29.3935595199097	29.1270679046068	28.6998986050573	27.8558048259265	26.8283440380705	25.7686761479681	25.1948128739146	24.8755560171595	23.3903349457336	22.4496430353055
420059B1	30.6879163948408	30.4510834620293	30.198049969073	29.296812939403	28.4985988787042	27.5063828352347	27.146565661099	27.0719996774627	25.7376011643216	25.0163852751252
420060B1	30.7666320613293	30.5605095231111	30.1755490414643	29.2552078625442	28.4045006818427	27.3722325801377	26.6319012554891	26.4844093952001	24.4352436678079	23.5125279586991
620121B1	32.9257009881756	32.8276908612646	32.4563654292725	31.5172235069354	30.6871396660737	29.6941051054889	28.7866226124452	28.6669089998501	26.5382620928673	25.9606963299399
620124B1	30.7298378442739	30.5190382704388	30.2075901488409	29.2416251823584	28.3303757230365	27.3431397674932	26.5531648817253	26.4676632306086	24.0724381527953	23.417718453915
310001T1	31.3939430284072	30.7729690405337	30.3296951694549	28.3538787530678	27.7430937576087	26.2669590069166	25.7468483357297	25.9182175876568	24.202050606884	23.6860136919783
310002T1	31.5820594024931	30.9656094709613	30.4053418377904	28.3715189208096	27.6398015019747	26.1769805702227	25.6068965129818	25.7561229474576	23.9780171131668	23.6653836887284
310003T1	32.9578758680407	32.7063165399068	32.5426891065503	31.6915770866362	31.199506901617	30.3798122621266	29.6869118663607	29.7113744997529	26.0329255482476	24.2128573444045
310004T1	29.329777830791	28.6663636537854	28.390871833313	26.999827494625	26.5103290574778	25.7239490298858	25.2898283121104	25.5042100894864	24.3939660619922	23.8826989607885
310005T1	35.1932686902076	35.0845815368272	34.934316668844	34.1375631552324	33.6222532365101	32.9151691801599	32.3651727776795	32.384794515297	29.5562973588025	27.5164305326273
310006T1	29.9480286743034	29.3481659805213	29.0393549072628	27.0358268733729	26.2894613786524	24.9958094543593	24.8386672929826	24.6158215710795	23.3135082833027	22.9061718282985
310007T1	29.8648903900571	29.458710531517	28.9755087057315	27.2144783683145	26.8149081115877	25.6720082601695	25.0687059644428	25.2079619132047	23.6214838030579	23.1215109550864
310008T1	29.5713614626035	28.9149444819997	28.5214264092099	27.0239227193518	26.4913211810442	25.4748431282388	25.2681888036064	25.2432061142052	24.14243510367	23.3992617856633
310009T1	30.7499510243653	30.0704951764007	29.6909928146378	27.8951186542327	27.3562685372975	26.0587476432692	25.849707575935	25.9893014478461	24.7405831576315	24.3244129445344
310010T1	32.6034965731554	32.0817500024219	31.6035147001956	30.1083594250248	29.2505117193361	28.0635422876553	27.2592376978993	27.315919665423	25.6836278252106	25.2954550649765
310011T1	31.2046356450463	30.8538248434433	30.484869853461	28.6246503573919	28.0914406420481	26.796566353023	26.3338530953267	26.4464649269853	25.129149502221	24.4928162015243
310012T1	29.9368422258881	29.3518325149772	29.2334725787656	27.8168442429977	27.2315304216054	26.4090427949285	25.9947852372449	26.0954023706888	24.9030956348317	24.2092353041044
310013T1	31.3178352560944	30.7587006379475	30.2955123171603	28.6130821531698	27.8552634265913	26.6540936691028	26.1428415141565	26.2195420576162	24.7884671319325	24.2972848905529
310014T1	30.4992870271749	29.9083737883527	29.4940529320883	27.7768457486114	27.1489281751928	26.079101984738	25.9400164943324	25.7628637102978	25.0224634134955	24.2556593488384
310015T1	29.7401305992817	29.1217410106322	28.8389702261975	27.5473546041913	27.0301059083781	26.3443836168511	25.959806476792	25.9854392355479	25.3292782745211	24.7004371972007
310016T1	29.579476643606	28.9867015740107	28.7368143006846	27.2763484320946	26.5952431440901	25.7068316173853	25.3262154074923	25.3560385522824	24.2803701281625	23.417718453915
320001D1	30.0305875603434	29.4882572164585	29.0072670941241	27.4133537534483	26.7377696410746	25.4947602322576	25.1650971906223	25.1718723026079	23.9131080863265	23.5296627408562
320002D1	29.7182466032148	29.0948190690851	28.714774835419	27.0848186689067	26.3745187681198	25.1398191555004	24.8633200223602	24.8220532462999	23.4151021789128	23.0056715276114
320003D1	29.7593082181311	29.1260040379262	28.7073552891772	27.031076530563	26.3030729467143	25.0673345970842	24.9271513861214	24.809431536608	23.1904339566474	23.2968396066024
320004D1	29.4098326009059	28.6133910417543	28.2325002718458	26.6514627600986	25.9503967324021	24.9014019114212	24.3252588726812	24.3823907811295	22.8303444563177	22.8270125110252
320005D1	30.111166700174	29.4748223261044	28.8913755625475	27.4407655653823	26.4889282088864	25.2675515858616	24.7179577636052	24.5062140340887	22.8835907997814	22.3540526099633
320006D1	30.0637469502397	29.5367838206872	29.0756148344864	27.5591159081845	26.545333748524	25.1522598321883	24.722439804059	24.2474587374293	21.9968700621052	21.8802196494324
320007D1	29.5494951261229	28.9488586678843	28.497357096296	26.9679142953746	25.8694460872773	24.5709398955431	23.9722200810196	23.8412834048602	22.4295038007817	21.9135546698406
320008D1	29.4712120755622	28.8689200816504	28.3409865901256	26.8411341516285	25.9016434854848	24.4316533334527	23.957410784254	23.5974721980576	22.1315071817289	21.4327568756673
820117B1	33.745825571059	33.4396325451712	32.9948938786322	31.8616596990524	30.8394825356665	29.6817304476826	28.6543132188287	28.4119701446082	26.4817557111993	25.9889443964066
930001D1	35.8243425989776	35.8922993183302	35.7913582484591	35.129791803915	34.8134737731696	34.3203196716433	33.8762150449942	34.049836280923	32.8381803712366	31.7146449476735
930002D1	36.1953833359941	36.2928097790966	36.200404663294	35.5893288068137	35.2222254564328	34.7382477771255	34.3155871211904	34.4609805983592	33.5878372650045	32.7200236251463
930003D1	34.2016631018964	34.076300804631	33.8028768577335	32.9546633674032	32.0444579874201	31.1642409356386	30.449241599809	30.1850961112716	26.8820216551742	25.96525159162
930004D1	34.1692453582299	34.0393781907658	33.7740646639471	32.9098597028846	31.9990634345687	31.0768748312262	30.2995601771488	30.1003639093255	26.6705802112627	25.6931786150233
930005D1	31.9683431796122	31.4358939275757	31.2638346498137	30.6849350740868	30.1134887366667	29.6768790370705	29.7335204243455	29.4158182464436	28.7624437153653	27.8144136738106
930006D1	33.8015238121379	33.7307295563068	33.4052925050416	32.6704751183771	31.7896259804633	31.0713921466108	30.6631815140155	30.480168744284	28.6417978300078	27.4264762862552
930007D1	34.9774668462945	34.8369013819072	34.5235319827335	33.9221110242529	33.2694417212914	32.8980920540021	32.7224818149932	32.1128779388615	30.8865460513059	29.4136563217824
930008D1	30.6408678220363	30.2713391016654	30.0139421182504	29.3321666186962	28.4680966700223	27.7579265426604	27.4149652891298	27.1136738539611	25.7586631202247	25.1642720358269
930009D1	33.8292958752612	33.8160436615746	33.4944599330862	32.7752997772039	31.9083755734793	31.2106687118687	30.7206705917451	30.2510804799306	28.6707250952451	27.80836847627
930010D1	32.8453462214139	32.7564482562977	32.2591103427316	31.3592018847266	30.2202525325	29.5005704108307	29.0104205262839	27.7275804484775	25.516794101322	24.3707482722232
310167T3	29.0563361051466	28.7777844667458	28.5588723885128	27.9110900810784	27.3291253807552	26.6891018225186	26.2776209751614	25.9835044048401	25.3135747186796	24.8116152658243
310168T3	29.9269824215493	29.7680815268761	29.4419777484249	28.7210844093883	27.9433473926918	27.2502878748672	27.0033055169559	26.4606302672014	25.0372703189914	24.0885047943012
310169T3	30.3475743498834	30.1724226314195	30.0077407666324	29.284664170817	28.7285559256928	28.2352269246023	27.816502893765	27.5823192901286	26.4898430897486	25.6349105422158
310144T3	27.4726651846737	26.6939332588357	26.3487227562578	24.9533434196457	24.0356484460026	23.1607335042044	22.4084769866217	21.8318425201577	20.4953582842056	19.5352051059259
310336T3	26.5202832049064	25.9046438323712	25.4910020491687	25.0183454074186	24.1073656004672	23.3873415275219	23.1749374918816	22.5846572834024	21.3661233532531	20.1146144732714
310172T3	25.85638107293	25.3747463866972	24.8584759472557	23.9706423991148	23.5651830629765	22.9998294159884	22.8399458342306	22.2079398334603	20.5367231907017	19.8198233414229
310055T3	25.4784630292118	24.656678697512	24.4009069869476	23.8569165530648	23.1205396488038	22.2748416809649	22.5091226170875	21.9491966973933	20.6162392332036	19.7534317534352
310054T3	24.7259844356743	24.0133090637803	23.6288870753762	22.7818528746349	22.5861296756521	22.0391617566486	21.1970265139545	21.3297302229173	20.1695063795943	19.3705403912979
310030T3	24.7517475317394	24.2777589236378	23.7019875591495	22.9707777627357	22.1840830966157	21.2148297061662	21.4916025856724	19.9792167255743	19.6131812532155	18.7375186527946
310194T3	25.1312409141605	24.3044603709968	24.1591521011576	23.2007983315753	22.0528558476931	21.68189893943	21.4916025856724	21.1963735217676	19.8217447717638	19.3705403912979
310076T3	24.5314814115113	23.6517567834545	23.5120411375735	23.1700158673246	21.3711079870265	21.0415300598968	21.2427916429967	20.0795125832445	19.372102662106	19.3705403912979
310170T3	24.6730355557253	24.1946803652056	23.6288870753762	23.1700158673246	22.5205673223223	21.4661211262925	20.944780502848	20.3459600068554	19.372102662106	18.2946193900725
310146T3	23.1410219349531	22.5581658649569	22.3429707122241	20.8536129772931	20.3966530711087	20.0436148907436	20.0802888987588	19.4954609602312	18.295032872852	18.6025088320117
310323T3	23.9088484928241	22.9957968801838	22.3429707122241	21.9408998115466	21.1386273567221	20.156378300734	20.0802888987588	20.3459600068554	19.685875040344	19.5352051059259
310174T3	24.1603872598201	22.9311506274402	22.9825516414691	22.3132634895421	21.5725191803207	21.2684969030015	20.7704088123262	20.7067963828209	19.8217447717638	19.0855317429797
310173T3	25.3494210842101	24.9759677844208	25.0579225044783	23.9887870926472	23.1865465308355	22.2748416809649	21.6715951301269	21.1963735217676	19.1877993505134	18.6025088320117
310313T3	25.9371931185181	25.534536795124	25.0863684221653	24.4508971394193	23.7829578491228	23.0333978138589	22.7431044328338	22.0841107620402	21.0220683685015	19.5352051059259
310040T3	25.6110486688296	25.2948363877488	24.953854383228	24.0244320130399	23.2079207662262	22.5026430231035	21.8625890107414	20.5725784744982	19.9466073555441	19.3705403912979
310257T3	25.4153843465884	24.7772763875767	24.8419686624544	23.8957895350205	22.8769264650392	22.2472963079975	22.4084769866217	21.6710202330298	20.5769982974676	19.7534317534352
310192T3	25.9814171187747	25.2810943065935	24.8083951532657	24.8246126798306	23.7238856718511	23.2923176315216	22.9455790969711	22.4080376575702	21.7045319504803	20.0600060034161
310031T3	25.4784630292118	24.2777589236378	24.18517045378	23.4526858695461	22.5537052795912	21.2684969030015	20.7075171485731	20.7696958035368	18.7384560363038	19.2811814772843
310287T3	26.27586447724	26.0847209107263	26.0779923239666	25.9051126347911	25.3318131217123	25.0364549882432	24.8633200223602	24.9581558922806	24.8681972342666	24.7746234324613
310304T3	31.4545178379634	30.6777021949253	30.229169545963	29.2920707730576	28.4480632051306	27.7742401131326	27.4699831191127	26.8033488803877	25.7781461412723	24.9644300325135
310282T3	31.771264459292	31.7514643246373	31.554825258586	30.6376562551138	29.9967018817807	29.093708818078	28.3701751209854	27.9709666382177	24.5871177167888	23.6601819928905
310222T3	29.8440837141266	29.5024011738436	29.0133364420091	28.5312616087311	27.5991606760133	27.155836605959	26.6556070243789	26.3509887049309	26.4497956086066	25.9743211992063
930011D1	31.3964971497097	31.0047483944319	30.6064598629328	28.5667526531475	28.055551362747	26.8119122549702	26.4158981795526	26.5588637906808	26.1187902641559	25.9911816343283
930012D1	32.7620342595589	32.2576756853563	31.773670940611	29.6604028832309	28.9007655255856	27.5531501203298	26.9894888457657	26.9558857442894	26.5421630483833	26.3612094780207
930013D1	33.1112055737352	32.5502314078913	32.052442347136	29.863625218236	29.0482927179035	27.3722325801377	26.6052579699459	26.674493278252	25.6850008713345	25.4340431501706
930014D1	34.3227618031967	33.9884268211884	33.6383023875356	32.4048575215197	31.3909361413979	30.1964076865773	29.0968585504337	28.8024262713809	25.5229163473542	25.2322068449516
930015D1	33.963721943194	33.7038476757819	33.4388413428916	32.3670105238769	31.4924118916962	30.4311187761162	29.385077651765	29.1697996902958	25.1409894513526	24.68462383675
930016D1	34.2267814654912	34.0776350292128	33.6934027443779	32.7023386669142	31.6684170687649	30.7272469435249	29.8379102247766	29.0053733987674	25.0414744094333	24.1500726855584
930017D1	33.7390995908682	33.2599920729674	32.7689418958198	31.1732532998602	30.0514229524465	28.6091498220322	27.4942765807084	27.2186190655746	25.2509087406566	24.9533779394848
930018D1	33.3711722291202	32.9122562544809	32.4503483076516	31.0491599965687	29.9664449169677	28.6319885045014	27.4408909294336	27.0473843374466	24.5145703361707	24.2272595007284
930019D1	32.5754811132733	32.269374124461	31.82530978574	30.3930460354518	29.3930679659642	28.0913411966004	27.2138106272804	26.9074374140442	25.8756042808278	25.540066128188
930020D1	27.8309254922473	27.3259884754692	27.1115914240207	25.959504158297	25.1680990239171	23.9973011829507	23.4695154518622	23.2715953434793	20.0620954177153	19.4550522033311
930021D1	26.4032437837162	25.730973156774	25.6822075307436	25.422290665354	24.5228666368013	24.3288100618101	24.1912622679813	23.934785840722	24.0115307838028	23.8961356656757
930022D1	25.5969044865093	24.9589535667471	24.4876015565795	23.4526858695461	21.9091025111248	21.4190559705948	21.2427916429967	20.1736102267096	19.5369063720841	18.8621437409878
930023D1	26.2399075994636	25.6789364333913	25.3444336435762	24.4105815748445	23.2289956589968	22.5259759102519	22.1101992164518	21.3297302229173	20.2698876377704	19.5352051059259
930024D1	25.85638107293	25.1812057533327	24.8584759472557	24.1429228829548	23.0036564724474	22.1615456009999	21.4528776257385	21.0501042940166	19.8854408409519	18.2946193900725
930025D1	26.4433212230916	26.5169997399975	26.4925053207564	26.2659342883149	26.0108424661468	25.7324360880785	25.361743071285	25.6219523582897	25.5665775124117	25.4942038420168
930026D1	25.071119921723	24.3818276042811	24.21074236242	22.8980310750874	22.1840830966157	20.9140546549766	20.5733146603692	19.8718572688526	19.372102662106	18.1184255228907
930027D1	25.7194711287156	25.1514007675815	24.5494652900127	23.7966537009635	22.5537052795912	21.5561177899901	21.1011167031803	20.5725784744982	19.2826644766321	18.6025088320117
930028D1	25.4784630292118	24.7181886296135	24.5893255589943	24.1591122727448	23.3687921652197	22.3546146485733	22.7760816027937	22.3442447524517	22.4528506541891	22.1567667314894
120021B1	30.3938152035685	30.1151862266554	29.6723001826775	28.9524153622804	27.97486940022	27.1391355815522	26.729283956631	26.2587454049049	24.5469200451065	23.5522117894618
120001B1	26.811151818937	26.2235444925235	25.8932037857263	25.0806504713726	24.3344464303609	23.2640428611794	22.4084769866217	22.2315304384064	20.8326080135355	20.1146144732714
120003B1	27.7879940979497	27.5549010379428	26.9988838009129	26.167758065549	24.9843566942539	24.0996032053888	23.5201071131482	23.0302576088813	21.5862768037612	20.3618161473892
120004B1	27.1960111695508	26.9045533300569	26.453624923003	25.3584502445742	24.4126693337683	22.9303901155928	22.6749017641247	22.2547575891799	20.4091131087155	19.5352051059259
120005B1	27.7754896206132	27.2829836870062	27.0259551417561	26.2460034955934	25.0355912752534	24.3358866387314	23.3180837330527	23.0710297472697	21.6661267418681	20.5745951076258
120006B1	28.1687785300792	27.6201838503927	27.3911903926533	26.4762097584139	25.6644303147513	24.698545893614	23.9273476781776	23.6622256922319	21.8142466530551	21.7015995099438
120007B1	29.2874702076526	28.8600516587098	28.5629755410731	27.6688156549823	26.9980193675625	25.9428853137366	25.6315525172946	25.6822771286551	23.9042395857463	23.222181020587
120008B1	27.4531690090479	27.0258400198503	26.5777398529096	25.6946530059677	24.7749948198566	23.9616143011327	23.0027726417396	23.0302576088813	20.8984120430228	20.2183260683782
120009B1	29.2324930603005	28.8651257466508	28.4242239303692	27.4993659134055	26.4077441270684	25.4204205034321	24.7665407703995	24.4046702550171	22.4984935349763	21.7015995099438
120018B1	28.0876516456129	27.8635711576313	27.5176326143422	26.6967217564533	25.557078108675	24.8214204263587	24.6443673641193	24.1783835031677	23.4811962865359	23.2152079001102
120019B1	27.0838534116308	26.6391051935974	26.2933651413772	25.422290665354	24.7138657354534	24.0060937633052	23.7070108626581	23.3846104202892	21.9811460453142	20.9588896343957
120020B1	28.4143765260508	28.1421682960379	27.5849656585866	26.6453238336163	25.7529487397691	24.5709398955431	23.9273476781776	23.5298078675339	21.9165697137189	21.8632736813705
220022B1	29.3340477415391	28.8498517045703	28.5129756922591	27.43532309059	26.337896835313	25.1604974922126	24.4696197370963	24.2413085471874	21.2169132727668	20.5745951076258
220024B1	26.6628876003492	26.295456947741	25.8932037857263	25.0893438938793	24.3344464303609	23.1298829652074	22.6396063427181	22.3223660429466	20.7638371809279	19.7534317534352
220025B1	26.8233522725425	26.295456947741	25.7009777528923	25.1654000161037	24.0599361048369	23.0499088031429	22.7923033256686	21.9207028634299	20.7986099915224	19.8198233414229
220027B1	27.3515287471721	26.9231522488401	26.475966380664	25.7119317403916	24.6419878113788	23.799861457359	23.199760438222	22.5471584820077	20.9302790663407	20.4505106954243
220030B1	27.1189206425247	26.5705519171002	26.2029442870043	25.2060463636731	24.4316054694926	23.2058690920905	22.2552261190892	22.3658104386469	20.2205182561239	19.7534317534352
320046B1	30.8075098578217	30.5702943290781	30.2030548249656	29.2894297501357	28.4138472946185	27.3770277688113	26.6506472919876	26.4379012536889	24.4289660200405	23.86003614962
320047B1	31.532062276777	31.4630322894103	30.9750452835699	30.0657821901386	29.0218783178963	28.1425681833329	27.5251436928496	26.6423531360582	24.6858356407289	23.9270320892157
320048B1	32.0825058022196	31.7698430996376	31.3615139266476	30.4473153013789	29.4901346787756	28.4250115828254	27.6869366792621	27.4640811271267	25.3585034609083	24.8760051507602
320052B1	31.3704903417585	31.0467424132257	30.6029911329986	29.6645265747282	28.7478651512192	27.676776385462	26.8558240609666	26.6683655768889	24.5086136160983	23.4893759247708
420054B1	32.30096143753	32.0299738671019	31.6197482134281	30.7277309073177	29.7867132375959	28.7707132363251	28.0394111527237	27.8705706979628	25.5576468685032	24.8619310509784
420055B1	31.6192722995378	31.3598291348252	30.9709818364339	30.0242325219399	29.1617294068352	28.1752193219789	27.3655988782214	27.2556404248006	25.3083038039085	24.5284784650601
420056B1	31.6923924536106	31.4063947781066	31.0284523941662	30.1628212495881	29.2474568881573	28.1865118361019	27.4721425146994	27.3103199004851	25.2600213558913	24.5719067859877
420061B1	30.9682573381198	30.6382228055286	30.2380695130045	29.2883720388825	28.3761070150727	27.3254133344421	26.4231395817476	26.4336010664885	23.9822470880381	23.1065677238931
420062B1	31.8408053925451	31.4625839830068	31.0540699142333	30.0348891281678	29.1669809962042	28.1209923620251	27.2282602764117	27.1444126521551	24.7482451560599	24.111887014426
420063B1	32.740683519709	32.435650677821	32.0673308037121	31.1584052374691	30.2646178056356	29.2713591439033	28.3968575053046	28.2604817877099	25.8804369771223	25.0542142303921
420064B1	31.7665333378858	31.7277939536636	31.3379530396098	30.4504903955545	29.5643805781834	28.5482910639372	27.6445673512396	27.520184864156	25.4732310035465	24.7796082029962
420065B1	31.6593826892611	31.7054611753495	31.2866135577309	30.3435686454535	29.4969495948168	28.5393948224051	27.7079894546832	27.4662503127587	25.7256237948481	25.2377328528008
420066B1	31.9221157710852	31.844665691437	31.4886691606692	30.5623524723288	29.6306945285293	28.6713541193981	27.787623233648	27.6068667083556	25.4283775123112	24.4501202002066
420067B1	31.9958903182134	31.7060330961239	31.2828778501376	30.3425203291457	29.4489176667087	28.4085712210591	27.6088717285743	27.4319017059627	25.3636028053295	24.8783381681445
420068B1	31.2988467986839	30.9814495777319	30.5788342011686	29.5967178587022	28.647030032622	27.7109881784849	26.8848003055062	26.6866743047526	24.4996343825138	23.7013039041744
420069B1	31.5689859105822	31.268770978016	30.8870077488021	30.0432322942491	29.1347807416316	28.1803113253076	27.4335290941566	27.2092195915967	25.1092082025729	24.3576536302539
520070B1	30.5455881837599	30.3008071117451	29.939393106059	28.9727892927362	28.0368526432229	27.0252657777641	26.2059092199305	25.9383023532579	23.7791385243214	22.7624533674182
520071B1	28.8286576976369	28.6088910526136	28.294288313362	27.3103087103081	26.4178213224338	25.3312874809572	24.5062307395882	24.2038700868379	22.0731369692555	21.1610391876354
520072B1	29.2973442046504	29.1762372616265	28.7692739424955	27.9190125361417	27.0647909514002	26.1450486577944	25.2867559472548	24.9771718074663	22.8393496922718	22.1707477157847
520073B1	32.0051244038807	31.7367841954098	31.3474642954951	30.4360261314986	29.4985676501718	28.5005370627782	27.6674812238381	27.4378039441767	25.146874894088	24.2731425681572
520074B1	32.3760011485254	32.132229070612	31.721325542582	30.786408443403	29.8791381630305	28.8044421315362	27.9671649194501	27.8228818898994	25.5350870814628	24.9083447460555
520075B1	31.0310807613194	30.6788366523028	30.3371860055635	29.3970297889467	28.4303944851261	27.4833421668308	26.6922926817932	26.5429305572094	24.5175399347879	23.6339021976874
520076B1	32.6129717130611	32.3185744380469	31.8934383486548	30.9905533311467	30.0302272108264	29.0216775145527	28.1823534878241	27.9470137898216	25.6986632901475	24.8783381681445
520077B1	32.5688160785224	32.2231035028156	31.8403679285204	30.9237024939969	29.9765983918117	28.9941341135916	28.1701935833701	27.9678638990752	25.8900563437721	25.1330719000507
520078B1	31.7512487262713	31.4739741543721	31.0597033631366	30.0963613254312	29.1778298697399	28.2297690077768	27.492148754858	27.2795520053279	25.4653182699401	24.6416292931464
520079B1	32.3093891330967	32.3789239435591	31.9557885312068	31.1322949018831	30.2980510221023	29.3416869242093	28.5246712620651	28.318169643088	26.5335676409954	25.8544028051368
520080B1	32.6349855403557	32.6637413070997	32.2033526959765	31.2221989552262	30.2860315918083	29.2208913926664	28.2917591818897	28.0810081378486	25.5290139414997	24.3837306611863
520081B1	31.2263328913901	31.2882865406184	30.9361264164533	30.0187130950923	29.1870101441057	28.1954859014871	27.4857471546301	27.3404710781758	25.5531617179992	24.9971103710375
520082B1	31.6096184604895	31.2605853393625	30.8964486586389	29.912240475724	28.997250482122	27.9502608130692	27.0392215132118	26.918917040837	24.4662474904667	23.6601819928905
520083B1	32.6889064873749	32.2921139950276	31.8485177550257	30.8165351516509	29.8322117975024	28.7373953386029	27.8187894862018	27.5742711609351	24.8468655709358	23.7462698578054
520084B1	31.4107172634789	31.0047483944319	30.6247104911072	29.6291088248716	28.778461997262	27.7140605403946	26.8185229407957	26.8344590883599	24.544007545977	23.7413390449882
520085B1	30.712313367002	30.4776852097932	30.0873941213199	29.1843313226357	28.2882826468684	27.1908644778195	26.4574211025629	26.1707665047347	24.0684529620089	23.2152079001102
620087B1	31.6576802684828	31.4894682334759	31.0617466196584	30.1660682626096	29.2577421591748	28.2335916038574	27.3446067498103	27.0776233925363	24.8752415416507	24.2938594602375
620088B1	30.5971265591706	30.4453527420511	30.1545812053322	29.2257137826674	28.2486956059183	27.3827621227597	26.5169535822178	26.4089983929293	24.202050606884	23.6179126911608
620122B1	32.5921773431989	32.2943047524609	31.8597634985263	30.8965772513092	29.9841102040305	29.0512828962441	28.1542829819965	27.9253382091478	25.8214010581112	24.9819472799055
620123B1	32.5090564069123	32.2580715040583	31.838702298414	30.9362893247585	29.9904192272837	28.9881665357953	28.1177394403213	27.8727780566505	25.6822535329766	24.8429597522838
620125B1	31.1344576268441	30.9251012595772	30.5413052086975	29.5885097461231	28.6830689581794	27.5028607423309	26.7198245729728	26.4478874783361	23.9948666125865	22.8889345993244
620126B1	32.5318880417524	32.2744717999781	31.8246981650571	30.8458817625012	29.8438243976828	28.8352374572828	27.9989154907605	27.8062594345026	25.8450453892811	24.8381795544063
620127B1	32.4228580028059	32.1728488789667	31.7917612323856	30.858205696699	29.9454494331197	28.9603425335606	28.1210135695965	27.9464888162611	25.7768550430532	25.0142556962206
620128B1	33.5907004139261	33.3019511876101	32.831390518029	31.8324966743828	30.7964564991006	29.7563183325539	28.8379595693418	28.6007503515286	26.0120593180994	24.8991751261502
620129B1	31.1072740448501	30.7612074251396	30.3716536633197	29.42240386041	28.4577901601727	27.5186463635853	26.5872299062729	26.3494714619005	24.2488181477504	23.7899395153238
620130B1	29.2313489721827	29.1238740385416	28.5833234775067	27.5807168867907	26.6239745703809	25.793269357939	25.0508239533345	24.3310222682508	22.2419179980478	21.3152237914035
620089B1	32.5140046124668	32.3071272002941	31.842787343561	30.9188881235312	29.9102018379878	28.9522013015912	28.1219477273859	27.769502891743	25.7362750142647	24.9151857023434
620090B1	31.1153590042707	30.9302250094217	30.4983423877344	29.5928353981741	28.6858484455327	27.7830652643796	27.002322810204	26.5798489439372	24.7735087841221	23.9138678542946
620091B1	30.893199131903	30.6060324820421	30.2482391713062	29.2793512822076	28.3457745876198	27.3683855211919	26.5859338806983	26.2969530337519	24.2558867100777	23.5744301630718
620092B1	31.2188480754271	30.9183496703036	30.4444781323432	29.5116331742087	28.5746457593011	27.6280370781427	26.9038122345335	26.6498312726655	24.7507905663385	23.7264495757277
720095B1	32.2752400991019	31.9860250961514	31.5603144511914	30.6579797476202	29.7021363272487	28.7125166484071	27.810196779488	27.6731642092552	25.4169534407713	24.5945691672155
720096B1	32.4416527601337	32.1651493124025	31.7131066155411	30.7910828492769	29.886902020856	28.8700958856338	27.9841478170443	27.8160258960328	25.471651761016	24.6605897858956
720097B1	32.4370700196291	32.2740802854966	31.849119675937	30.9555840328159	30.0066536949004	29.0765667094275	28.2541733602555	27.8667000089816	25.7845851714774	24.9862951085182
720098B1	31.6194909559555	31.3765413439376	30.9526952169833	30.0030184102926	29.0768223087266	28.1198173414637	27.3001104611102	27.0174989360688	24.8300640388804	23.974345149587
720099B1	30.3171613829255	30.0185731021861	29.5457819959443	28.6780169150687	27.6128300633037	26.6540936691028	25.9870821738425	25.2336756428362	23.2735835838287	21.8802196494324
720100B1	31.4508362392297	31.115257795552	30.6329019456807	29.6805016217309	28.6538534737318	27.547168155121	26.7573102993741	26.4407612314404	23.7150102241717	22.9895351866711
720101B1	31.1496776755991	30.8538248434433	30.4262120595487	29.4672116895262	28.4834251387299	27.5445972403744	26.6256002929514	26.3795293375071	24.1194602628053	23.2902024202366
720102B1	30.9733988084257	30.622998878165	30.1998718627319	29.2579097160762	28.2538864538431	27.2450755440903	26.3924885849095	26.0626981174309	23.9609781186526	22.5286123166666
720103B1	32.6341200639451	32.3940612378015	31.9908072647559	31.0545541734091	30.1254723170956	29.0915377890125	28.2677957666801	28.0252504363318	25.8088067797141	25.0227560994292
720104B1	32.3567188940858	32.1120081638688	31.6945299935158	30.8067523876344	29.8487006876216	28.8911297663367	28.0359542538098	27.8336737092944	25.6614880621924	24.8991751261502
720105B1	31.2142226590506	30.8738737229367	30.467095316901	29.4681506691671	28.5216957069962	27.5282131425845	26.6556070243789	26.4662592658195	24.1233136802623	23.3165785121645
720106B1	31.9258336030431	31.6271833478686	31.2033438199737	30.1842394337849	29.218901453211	28.2325004129574	27.3984374196509	27.0368476683156	24.9394550441987	23.8416585728048
720107B1	31.0978885945912	30.7442952214903	30.3376010607499	29.4194978725473	28.488500089491	27.4949061036481	26.6103694025223	26.4549801269847	24.2558867100777	23.4835322153183
720108B1	30.2384846828467	30.0244317651583	29.5916723372909	28.653994259341	27.7158121781404	26.796566353023	25.9617712292041	25.7673408316402	23.4870643363856	22.8360148746959
101003T1	33.408979019356	33.1549956449648	32.7449761309054	31.8482553947206	30.9515764041521	30.0047865117708	29.0907414099421	28.9495503179883	26.6099694925681	25.9446440979619
